VERIFIED 0 0.01 0.00004403872624770901
VERIFIED 1 0.04 0.00005981979899478875
VERIFIED 2 0.07 0.00003938279472053257
VERIFIED 3 0.1 0.00009000557448879398
VERIFIED 4 0.13 0.00006944999805952833
VERIFIED 5 0.14 0.00007820004846842117
VERIFIED 6 0.15000000000000002 0.00007544590709622056
VERIFIED 7 0.16000000000000003 0.00006161848269223627
VERIFIED 8 0.17000000000000004 0.00005642367568028939
VERIFIED 9 0.18000000000000005 0.00006708361407949549
VERIFIED 10 0.19000000000000006 0.00003382147280515404
VERIFIED 11 0.20000000000000007 0.000045038228386533384
VERIFIED 12 0.21000000000000008 0.00000111314742033599
VERIFIED 13 0.22000000000000008 0.000012763578688919537
VERIFIED 14 0.2300000000000001 0.00007091434735276292
VERIFIED 15 0.2400000000000001 0.000039705264294814455
VERIFIED 16 0.2500000000000001 0.00003341667204768582
VERIFIED 17 0.2600000000000001 0.00007754963943441134
VERIFIED 18 0.27000000000000013 0.00007147310533094347
VERIFIED 19 0.28000000000000014 0.0000944593552529684
VERIFIED 20 0.29000000000000015 0.00006392045994561661
VERIFIED 21 0.30000000000000016 0.000009011825733775368
VERIFIED 22 0.31000000000000016 0.00008761065853337552
VERIFIED 23 0.3200000000000002 0.00006748189654120877
VERIFIED 24 0.3300000000000002 0.0000319298153106367
VERIFIED 25 0.3400000000000002 0.00006570854581968918
VERIFIED 26 0.3500000000000002 0.000013785278348161893
VERIFIED 27 0.3600000000000002 0.00004207392755881806
VERIFIED 28 0.3700000000000002 0.000002062913436177115
VERIFIED 29 0.3800000000000002 0.000021427932789266696
VERIFIED 30 0.39000000000000024 0.00004612075307827007
VERIFIED 31 0.40000000000000024 0.00004217794165725002
VERIFIED 32 0.41000000000000025 0.000015079321398250335
VERIFIED 33 0.42000000000000026 0.00001384492291924954
VERIFIED 34 0.43000000000000027 7.281126307931169e-7
RESULT PASS_DENSE_TRAJECTORY 35
