VERIFIED 0 0.01 0.00004403872624770901
VERIFIED 1 0.04 0.00005981979899478875
VERIFIED 2 0.07 0.00003938279472053257
VERIFIED 3 0.1 0.00009000557448879398
VERIFIED 4 0.13 0.00006944999805952833
VERIFIED 5 0.16 0.000023207512511957268
VERIFIED 6 0.19 0.000054932733176166204
VERIFIED 7 0.22 0.00008411142027710608
VERIFIED 8 0.25 0.00006723404198682905
VERIFIED 9 0.28 0.00006660718717522258
VERIFIED 10 0.31000000000000005 0.000035165438673928975
VERIFIED 11 0.3400000000000001 0.00008127190594933709
VERIFIED 12 0.3700000000000001 0.00006445645197781922
VERIFIED 13 0.40000000000000013 0.00005469302102568919
VERIFIED 14 0.43000000000000016 0.00004248022990923023
RESULT PASS_DENSE_TRAJECTORY 15
