ITERATION 1 0 1 0.013921951977174274
ITERATION 1 0 2 0.0020433501951530077
ITERATION 1 0 3 0.0014442179773273124
ITERATION 1 0 4 0.004643941021836132
ITERATION 1 0 5 0.0015003537155956587
ITERATION 1 0 6 0.0001500982620613726
ITERATION 1 0 7 0.0000424802298708009
STEP 1 0 0.43000000000000016 0.5852953088289874 0.0000424802298708009
ITERATION 3 0 1 3.4764348420930484
ITERATION 3 0 2 0.0761087485704941
ITERATION 3 0 3 0.047968983030176646
ITERATION 3 0 4 0.03364177551261274
ITERATION 3 0 5 0.03138649779628319
ITERATION 3 0 6 0.011831099861177587
ITERATION 3 0 7 0.03520530916765865
ITERATION 3 0 8 0.03463476844694926
ITERATION 3 0 9 0.6552146018408566
ITERATION 3 0 10 0.032310058158210114
ITERATION 3 0 11 0.08996108294170652
ITERATION 3 0 12 0.004463716313554107
ITERATION 3 0 13 0.0071928819535244
ITERATION 3 0 14 0.01890421632920375
ITERATION 3 0 15 0.020780507630200343
ITERATION 3 0 16 0.012756983893329021
ITERATION 3 0 17 0.05798412989568315
ITERATION 3 0 18 0.00404706177171434
ITERATION 3 0 19 0.008511719112059817
ITERATION 3 0 20 0.009306502496128804
ITERATION 3 0 21 0.008396016150740964
ITERATION 3 0 22 0.006382911867299525
ITERATION 3 0 23 0.040181299080419564
ITERATION 3 0 24 0.0017171586177850947
ITERATION 3 0 25 0.0016675167005524888
ITERATION 3 0 26 0.0015734032135072081
ITERATION 3 0 27 0.003640632936119597
ITERATION 3 0 28 0.00933115585027297
ITERATION 3 0 29 0.017845471769434
ITERATION 3 0 30 0.02263392729192815
ITERATION 3 0 31 0.017432665724494513
ITERATION 3 0 32 0.0092271634261227
ITERATION 3 0 33 0.0008240494616557539
ITERATION 3 0 34 0.001252265624719617
ITERATION 3 0 35 0.0010557605563117339
ITERATION 3 0 36 0.007026162525299405
ITERATION 3 0 37 0.006379702198347685
ITERATION 3 0 38 0.004025697677998277
ITERATION 3 0 39 0.0016732758498296293
ITERATION 3 0 40 0.00032972052323720436
ITERATION 3 0 41 0.000021901757884212154
ITERATION 3 0 1 3.8924503870903875
ITERATION 3 0 2 1.147418823485352
ITERATION 3 0 3 0.587321381213519
ITERATION 3 0 4 0.04259036526958633
ITERATION 3 0 5 0.0047537855228619655
ITERATION 3 0 6 0.0031618605217778504
ITERATION 3 0 7 0.00256369888941666
ITERATION 3 0 8 0.0036809674132465145
ITERATION 3 0 9 0.012102565108689397
ITERATION 3 0 10 0.03542569824103101
ITERATION 3 0 11 0.08004078541721697
ITERATION 3 0 12 0.07950710599435498
ITERATION 3 0 13 0.025637430944555284
ITERATION 3 0 14 0.005180919920292655
ITERATION 3 0 15 0.024451310301407552
ITERATION 3 0 16 0.023176787010240556
ITERATION 3 0 17 0.02185494342866322
ITERATION 3 0 18 0.02050151615135639
ITERATION 3 0 19 0.017942395084271333
ITERATION 3 0 20 0.00015963919677873645
ITERATION 3 0 21 0.0001557463534829151
ITERATION 3 0 22 0.00015677712750290605
ITERATION 3 0 23 0.0003498783181681575
ITERATION 3 0 24 0.0009976812438686213
ITERATION 3 0 25 0.0026453042935141485
ITERATION 3 0 26 0.006046866950256554
ITERATION 3 0 27 0.010802229386762128
ITERATION 3 0 28 0.013884797338554997
ITERATION 3 0 29 0.013881418280279159
ITERATION 3 0 30 0.0019384611592469527
ITERATION 3 0 31 0.0030571840010623465
ITERATION 3 0 32 0.002599889918901862
ITERATION 3 0 33 0.0009580638458175175
ITERATION 3 0 34 0.00012492447276406075
ITERATION 3 0 35 0.000004927672670909265
STEP 3 0 0.41000000000000014 0.6219093397326819 0.000004927672670909265
ITERATION 3 1 1 17.30752011119016
ITERATION 3 1 2 5.612755532229874
ITERATION 3 1 3 1.762302846178212
ITERATION 3 1 4 0.32547864876481114
ITERATION 3 1 5 0.08221033985354353
ITERATION 3 1 6 0.16249019382536595
ITERATION 3 1 7 0.05206751720184456
ITERATION 3 1 8 0.05684873632303647
ITERATION 3 1 9 0.018220766726300037
ITERATION 3 1 10 0.00409377591650066
ITERATION 3 1 11 0.0035598312230296584
ITERATION 3 1 12 0.004315332647111187
ITERATION 3 1 13 0.039186924346535035
ITERATION 3 1 14 0.0536044809801217
ITERATION 3 1 15 0.002297151724402845
ITERATION 3 1 16 0.00222852638623476
ITERATION 3 1 17 0.0021048331423284203
ITERATION 3 1 18 0.0018874663451347124
ITERATION 3 1 19 0.002010447145206611
ITERATION 3 1 20 0.005536187580507547
ITERATION 3 1 21 0.011358278544050443
ITERATION 3 1 22 0.015341284417507603
ITERATION 3 1 23 0.012479259724540384
ITERATION 3 1 24 0.0059267451077397925
ITERATION 3 1 25 0.0015814306189550795
ITERATION 3 1 26 0.000029325310279178654
STEP 3 1 0.42000000000000015 0.6068707212680794 0.000029325310279178654
ITERATION 3 2 1 9.152992941242807
ITERATION 3 2 2 2.863828696698807
ITERATION 3 2 3 0.533724801729754
ITERATION 3 2 4 0.09179185543178091
ITERATION 3 2 5 0.052608028361486314
ITERATION 3 2 6 0.022157866201456308
ITERATION 3 2 7 0.17069038883485738
ITERATION 3 2 8 0.01870457234559048
ITERATION 3 2 9 0.0373247724972329
ITERATION 3 2 10 0.04221728981316481
ITERATION 3 2 11 0.01667965028460322
ITERATION 3 2 12 0.05671040289567072
ITERATION 3 2 13 0.01636198861130183
ITERATION 3 2 14 0.06273915485092252
ITERATION 3 2 15 0.031070552526361282
ITERATION 3 2 16 0.0424621735482792
ITERATION 3 2 17 0.05724094616113505
ITERATION 3 2 18 0.010094721805685417
ITERATION 3 2 19 0.008195326907493016
ITERATION 3 2 20 0.008133577266811375
ITERATION 3 2 21 0.1838350496169216
ITERATION 3 2 22 0.006969951530695878
ITERATION 3 2 23 0.022792847462675944
ITERATION 3 2 24 0.05980754375103986
ITERATION 3 2 25 0.12482581041070683
ITERATION 3 2 26 0.17219687647459678
ITERATION 3 2 27 0.16991669306971838
ITERATION 3 2 28 0.00890746804911121
ITERATION 3 2 29 0.013341475288577915
ITERATION 3 2 30 0.011981915733078132
ITERATION 3 2 31 0.025766631373079097
ITERATION 3 2 32 0.03634721868169416
ITERATION 3 2 33 0.03537679662741129
ITERATION 3 2 34 0.02957492385828991
ITERATION 3 2 35 0.02956917163577118
ITERATION 3 2 36 0.0295657367719667
ITERATION 3 2 37 0.03048839417759433
ITERATION 3 2 38 0.015213417752655818
ITERATION 3 2 39 0.011404613844311344
ITERATION 3 2 40 0.009978045350022172
ITERATION 3 2 41 0.04536444697851749
ITERATION 3 2 42 0.001766308343367994
ITERATION 3 2 43 0.0020064982035150197
ITERATION 3 2 44 0.0018757097093669755
ITERATION 3 2 45 0.001530397612830873
ITERATION 3 2 46 0.03518411192254872
ITERATION 3 2 47 0.0009793688446130156
ITERATION 3 2 48 0.0034216709683825533
ITERATION 3 2 49 0.006601710899123449
ITERATION 3 2 50 0.01095978908108773
ITERATION 3 2 51 0.01905411804568455
ITERATION 3 2 52 0.03143520152892197
ITERATION 3 2 53 0.1806466194677298
ITERATION 3 2 54 0.11135175757036922
ITERATION 3 2 55 0.07658945002061453
ITERATION 3 2 56 0.026625417656233857
ITERATION 3 2 57 0.004993738400924769
ITERATION 3 2 58 0.00021266007967144635
ITERATION 3 2 59 0.0000014087847436853413
STEP 3 2 0.43000000000000016 0.5900723970621857 0.0000014087847436853413
RESULT ACCEPTED_CONTROLLED_INTERVALS
