VERIFIED 0 0.005 0.00007166955374190989
VERIFIED 1 0.01 0.00004237949606932586
VERIFIED 2 0.025 0.00000381730387754017
VERIFIED 3 0.04 0.00008595691581159758
VERIFIED 4 0.055 0.000016703057655951908
VERIFIED 5 0.07 0.000009432630424767349
VERIFIED 6 0.085 0.00006886212296070698
VERIFIED 7 0.1 0.00008238120600690738
VERIFIED 8 0.115 0.00006959851770607997
VERIFIED 9 0.13 0.000043992288495764734
VERIFIED 10 0.14500000000000002 0.00005852497037343856
VERIFIED 11 0.16000000000000003 0.000023752373287733554
VERIFIED 12 0.17500000000000004 0.000008404824701967683
VERIFIED 13 0.19000000000000006 0.000007214216418101067
VERIFIED 14 0.20500000000000007 0.00009884085604687336
VERIFIED 15 0.22000000000000008 0.000038623214979462616
VERIFIED 16 0.2350000000000001 0.00007876238063549493
VERIFIED 17 0.2500000000000001 0.00006720678194765007
VERIFIED 18 0.2650000000000001 0.000016283314659355178
VERIFIED 19 0.28000000000000014 0.00009483070174763977
VERIFIED 20 0.29500000000000015 0.000020317831114181548
VERIFIED 21 0.31000000000000016 0.000030126464962046406
VERIFIED 22 0.3250000000000002 0.000006127872068481966
VERIFIED 23 0.3400000000000002 0.00000842620466502274
VERIFIED 24 0.3550000000000002 0.0000411261285736405
VERIFIED 25 0.3700000000000002 0.00006177945298187909
VERIFIED 26 0.38500000000000023 0.000026024545869814336
VERIFIED 27 0.40000000000000024 0.0000870645516659013
VERIFIED 28 0.41500000000000026 0.00002609874989447725
VERIFIED 29 0.43000000000000027 0.0000036771840794696566
RESULT PASS_DENSE_TRAJECTORY 30
