VERIFIED 0 0.005 0.00009078937386759818
VERIFIED 1 0.01 0.00004237948136097912
VERIFIED 2 0.025 0.000053365403711656215
VERIFIED 3 0.04 0.0000859568979148447
VERIFIED 4 0.055 0.00005914105575882076
VERIFIED 5 0.07 0.000009432925110842912
VERIFIED 6 0.085 0.00006886746476526817
VERIFIED 7 0.1 0.00008238138288793736
VERIFIED 8 0.115 0.00001982226663144182
VERIFIED 9 0.13 0.00002417316585038437
VERIFIED 10 0.14500000000000002 0.00004977381607880048
VERIFIED 11 0.16000000000000003 0.00003487935357380633
VERIFIED 12 0.17500000000000004 0.000008399735982717233
VERIFIED 13 0.19000000000000006 0.000021050841720064847
VERIFIED 14 0.20500000000000007 0.000059169829056338746
VERIFIED 15 0.22000000000000008 0.00007794633212104321
VERIFIED 16 0.2350000000000001 0.00004960327028363538
VERIFIED 17 0.2500000000000001 0.00006883268442266699
VERIFIED 18 0.2650000000000001 0.00002704914658579246
VERIFIED 19 0.28000000000000014 0.00009611444654127835
VERIFIED 20 0.29500000000000015 0.000013272617818040587
VERIFIED 21 0.31000000000000016 0.000016966835607502232
VERIFIED 22 0.3250000000000002 0.000058589497302330776
VERIFIED 23 0.3400000000000002 0.000027537394108277484
VERIFIED 24 0.3550000000000002 0.000007559821867156227
VERIFIED 25 0.3700000000000002 0.00009437972097157488
VERIFIED 26 0.38500000000000023 0.000019728129857614785
VERIFIED 27 0.40000000000000024 0.0000019158785156652824
VERIFIED 28 0.41500000000000026 0.0000022787579104107357
VERIFIED 29 0.43000000000000027 0.00002126278555276127
RESULT PASS_DENSE_TRAJECTORY 30
